Protein	Module	Drug Target?	Essential?
YP_039480.1	1	0	0
YP_039486.1	10	1	0
YP_039492.1	1	0	0
YP_039494.1	10	0	0
YP_039495.1	10	0	0
YP_039510.1	10	0	0
YP_039578.1	10	0	0
YP_039605.1	10	0	0
YP_039682.1	10	0	0
YP_039689.1	10	0	0
YP_039699.1	10	0	0
YP_039715.1	1	0	0
YP_039817.1	10	0	0
YP_039855.1	10	0	0
YP_039865.1	10	0	0
YP_039866.1	10	0	1
YP_039910.1	10	0	0
YP_039920.1	10	0	0
YP_039922.1	10	0	0
YP_039927.1	1	0	0
YP_039941.1	10	1	0
YP_039951.1	10	0	0
YP_039957.1	1	0	0
YP_039961.1	1	0	0
YP_039964.1	10	0	0
YP_039968.1	1	1	0
YP_039972.1	10	0	0
YP_039978.1	1	0	0
YP_039991.1	10	0	0
YP_039996.1	1	1	0
YP_039997.1	10	1	0
YP_040001.1	10	1	0
YP_040002.1	10	0	0
YP_040042.1	10	0	0
YP_040059.1	10	0	0
YP_040061.1	1	1	0
YP_040083.1	10	0	0
YP_040095.1	10	0	0
YP_040113.1	10	0	0
YP_040166.1	1	0	0
YP_040193.1	10	1	0
YP_040200.1	10	1	0
YP_040202.1	10	0	0
YP_040216.1	1	0	0
YP_040249.1	1	0	0
YP_040254.1	10	0	0
YP_040255.1	10	0	0
YP_040256.1	10	0	0
YP_040273.1	1	0	0
YP_040285.1	10	1	0
YP_040289.1	1	0	0
YP_040342.1	10	0	0
YP_040346.1	10	0	0
YP_040349.1	10	1	0
YP_040352.1	10	0	0
YP_040360.1	10	0	0
YP_040369.1	10	0	0
YP_040383.1	1	1	0
YP_040397.1	1	1	0
YP_040403.1	10	0	0
YP_040406.1	1	1	1
YP_040450.1	10	0	0
YP_040458.1	1	0	0
YP_040469.1	10	0	0
YP_040470.1	10	0	1
YP_040471.1	10	0	1
YP_040478.1	1	0	0
YP_040526.1	1	1	0
YP_040532.1	10	0	0
YP_040575.1	10	0	0
YP_040580.1	1	1	0
YP_040590.1	1	0	0
YP_040596.1	10	0	0
YP_040618.1	1	0	0
YP_040619.1	10	0	0
YP_040625.1	10	0	0
YP_040627.1	1	0	1
YP_040632.1	10	0	0
YP_040633.1	10	0	1
YP_040638.1	2	0	0
YP_040643.1	10	0	0
YP_040644.1	10	0	0
YP_040645.1	1	0	0
YP_040650.1	1	1	0
YP_040661.1	10	0	1
YP_040662.1	10	0	0
YP_040679.1	10	0	0
YP_040687.1	1	0	0
YP_040753.1	1	0	0
YP_040758.1	10	0	0
YP_040767.1	1	0	0
YP_040786.1	10	1	0
YP_040809.1	1	0	0
YP_040814.1	10	0	0
YP_040867.1	1	1	0
YP_040878.1	10	1	0
YP_040882.1	10	0	1
YP_040985.1	10	0	0
YP_041002.1	1	0	0
YP_041018.1	10	0	0
YP_041025.1	10	1	0
YP_041037.1	10	1	0
YP_041039.1	10	0	0
YP_041045.1	1	0	0
YP_041052.1	10	0	0
YP_041084.1	1	0	0
YP_041099.1	10	1	0
YP_041130.1	1	1	0
YP_041135.1	1	0	0
YP_041137.1	1	0	0
YP_041149.1	1	1	0
YP_041153.1	10	0	0
YP_041154.1	1	0	0
YP_041164.1	10	0	1
YP_041176.1	10	0	0
YP_041196.1	10	0	1
YP_041206.1	1	0	0
YP_041221.1	1	0	0
YP_041222.1	1	0	0
YP_041229.1	10	1	0
YP_041250.1	1	0	0
YP_041254.1	10	0	0
YP_041317.1	10	0	0
YP_041358.1	10	0	0
YP_041364.1	10	0	0
YP_041365.1	10	0	0
YP_041370.1	10	1	0
YP_041479.1	10	0	0
YP_041531.1	10	1	0
YP_041560.1	10	0	0
YP_041570.1	10	0	0
YP_041572.1	10	1	0
YP_041573.1	10	0	1
YP_041575.1	1	0	0
YP_041576.1	1	1	0
YP_041584.1	10	0	1
YP_041586.1	1	0	0
YP_041600.1	10	0	1
YP_041615.1	10	0	0
YP_041626.1	10	0	0
YP_041656.1	10	0	0
YP_041664.1	10	1	1
YP_041674.1	10	0	0
YP_041676.1	10	0	0
YP_041686.1	1	0	0
YP_041723.1	10	0	0
YP_041856.1	10	0	0
YP_041858.1	1	0	0
YP_041869.1	10	0	0
YP_041901.1	10	0	0
YP_041927.1	10	0	0
YP_041942.1	10	0	0
YP_041971.1	1	0	0
YP_041979.1	10	0	0
YP_042026.1	10	0	0
YP_042027.1	10	0	0
YP_042055.1	10	0	0
YP_042056.1	10	0	0
YP_042108.1	10	0	0
YP_039808.1	1	0	0
YP_039928.1	1	0	0
YP_039981.1	1	1	0
YP_039990.1	1	0	0
YP_040102.1	1	0	0
YP_040115.1	1	0	0
YP_040213.1	1	0	0
YP_040257.1	1	0	0
YP_040288.1	1	0	0
YP_040387.1	1	0	0
YP_040696.1	10	0	0
YP_040750.1	1	0	0
YP_040791.1	1	0	0
YP_040887.1	10	0	0
YP_041008.1	1	0	0
YP_041026.1	1	0	0
YP_041161.1	1	0	0
YP_041178.1	1	0	0
YP_041257.1	1	0	0
YP_041532.1	1	0	0
YP_041547.1	1	0	0
YP_041587.1	1	0	0
YP_041669.1	1	0	0
YP_041744.1	1	0	0
YP_041951.1	1	0	0
YP_042014.1	1	0	0
YP_039912.1	1	0	0
YP_039862.1	1	0	0
YP_040233.1	10	0	0
YP_040298.1	1	0	0
YP_040837.1	1	0	0
YP_040880.1	1	0	0
YP_041167.1	1	0	0
YP_041311.1	1	0	0
YP_041992.1	1	0	0
YP_039914.1	10	0	0
YP_039479.1	1	0	0
YP_039952.1	10	0	0
YP_040033.1	1	0	0
YP_040646.1	1	0	0
YP_040838.1	1	0	0
YP_041585.1	10	0	0
YP_041672.1	1	0	0
YP_040326.1	1	0	0
YP_039949.1	1	0	0
YP_039973.1	1	0	0
YP_040103.1	1	0	0
YP_040287.1	1	0	0
YP_040781.1	10	0	0
YP_041053.1	1	0	0
YP_041300.1	1	0	0
YP_041548.1	1	1	0
YP_040572.1	1	0	0
YP_041146.1	1	0	0
YP_040393.1	10	0	0
YP_040023.1	1	0	0
YP_040318.1	1	0	0
YP_041009.1	1	0	0
YP_039820.1	1	0	0
YP_039860.1	1	0	0
YP_040008.1	1	0	0
YP_040120.1	1	0	0
YP_040245.1	1	0	0
YP_040651.1	1	0	0
YP_040653.1	1	0	0
YP_040792.1	1	0	0
YP_041003.1	1	0	0
YP_041235.1	1	0	0
YP_041320.1	1	0	0
YP_041340.1	1	0	0
YP_041366.1	10	0	0
YP_041394.1	1	0	0
YP_039509.1	1	0	0
YP_040004.1	1	0	0
YP_040338.1	1	0	0
YP_040642.1	1	0	0
YP_040986.1	1	0	0
YP_041385.1	1	0	0
YP_041480.1	10	0	0
YP_041516.1	1	0	0
YP_041617.1	1	0	0
YP_040296.1	1	0	0
YP_040041.1	1	0	0
YP_040313.1	1	0	0
YP_040435.1	1	0	0
YP_040588.1	1	0	0
YP_040592.1	1	0	0
YP_040937.1	1	0	0
YP_041010.1	1	0	0
YP_041741.1	10	0	0
YP_041095.1	10	0	0
YP_041454.1	1	0	0
YP_039976.1	1	0	0
YP_039977.1	1	0	0
YP_041177.1	1	0	0
YP_040876.1	10	0	0
YP_039963.1	1	0	0
YP_041402.1	1	0	0
YP_039845.1	10	0	0
YP_041173.1	1	0	0
YP_040533.1	1	0	0
YP_040579.1	1	0	0
YP_040806.1	1	1	0
YP_041174.1	1	0	0
YP_041200.1	1	0	0
YP_041605.1	1	0	0
YP_041812.1	1	0	0
YP_041336.1	1	0	0
YP_040613.1	1	0	0
YP_040853.1	1	0	0
YP_039854.1	1	0	0
YP_040272.1	1	0	0
YP_040355.1	1	0	0
YP_040979.1	1	0	0
YP_041201.1	1	0	0
YP_041515.1	1	0	0
YP_041917.1	1	0	0
YP_042003.1	1	0	0
YP_042019.1	1	0	0
YP_042063.1	1	0	0
YP_040768.1	1	0	0
YP_040585.1	1	0	0
YP_041223.1	1	0	0
YP_041607.1	1	0	0
YP_039600.1	1	0	0
YP_039606.1	1	0	0
YP_039698.1	1	0	0
YP_040316.1	1	0	0
YP_040563.1	1	0	0
YP_040617.1	1	0	0
YP_040825.1	1	0	0
YP_040833.1	1	0	0
YP_040888.1	1	0	0
YP_041144.1	1	0	0
YP_041182.1	1	0	0
YP_041204.1	1	0	0
YP_041228.1	1	0	0
YP_041387.1	1	0	0
YP_041735.1	1	0	0
YP_040589.1	1	0	0
YP_040299.1	1	0	0
YP_040893.1	3	0	0
YP_040989.1	4	0	0
YP_040991.1	5	0	0
YP_040302.1	1	0	0
YP_041944.1	1	0	0
YP_039579.1	6	0	0
YP_040384.1	7	0	0
YP_041313.1	8	0	0
YP_040248.1	1	0	0
YP_040415.1	1	0	0
YP_040824.1	9	0	0
YP_039659.1	1	0	0
YP_040740.1	1	0	0
YP_040412.1	1	0	0
YP_040616.1	10	0	0
YP_041608.1	1	0	0
YP_041609.1	1	0	0
