Protein	Module	Drug Target?	Essential?
YP_039480.1	2	0	0
YP_039486.1	4	1	0
YP_039492.1	4	0	0
YP_039494.1	4	0	0
YP_039605.1	4	0	0
YP_039699.1	4	0	0
YP_039715.1	1	0	0
YP_039865.1	4	0	0
YP_039866.1	2	0	1
YP_039920.1	2	0	0
YP_039922.1	2	0	0
YP_039927.1	2	0	0
YP_039941.1	4	1	0
YP_039951.1	1	0	0
YP_039957.1	1	0	0
YP_039961.1	1	0	0
YP_039964.1	4	0	0
YP_039968.1	1	1	0
YP_039972.1	4	0	0
YP_039991.1	4	0	0
YP_040059.1	4	0	0
YP_040061.1	1	1	0
YP_040083.1	4	0	0
YP_040095.1	2	0	0
YP_040113.1	2	0	0
YP_040166.1	2	0	0
YP_040249.1	4	0	0
YP_040254.1	2	0	0
YP_040255.1	4	0	0
YP_040256.1	4	0	0
YP_040273.1	2	0	0
YP_040285.1	4	1	0
YP_040289.1	2	0	0
YP_040342.1	4	0	0
YP_040346.1	2	0	0
YP_040349.1	3	1	0
YP_040369.1	2	0	0
YP_040383.1	3	1	0
YP_040403.1	2	0	0
YP_040406.1	1	1	1
YP_040450.1	2	0	0
YP_040469.1	4	0	0
YP_040470.1	2	0	1
YP_040471.1	4	0	1
YP_040478.1	4	0	0
YP_040526.1	3	1	0
YP_040532.1	4	0	0
YP_040580.1	1	1	0
YP_040596.1	2	0	0
YP_040618.1	2	0	0
YP_040619.1	1	0	0
YP_040625.1	4	0	0
YP_040627.1	1	0	1
YP_040632.1	2	0	0
YP_040644.1	4	0	0
YP_040645.1	1	0	0
YP_040650.1	1	1	0
YP_040661.1	4	0	1
YP_040662.1	4	0	0
YP_040687.1	1	0	0
YP_040753.1	3	0	0
YP_040758.1	4	0	0
YP_040767.1	1	0	0
YP_040805.1	1	0	0
YP_040809.1	2	0	0
YP_040867.1	1	1	0
YP_040878.1	4	1	0
YP_040882.1	4	0	1
YP_040985.1	2	0	0
YP_041002.1	3	0	0
YP_041025.1	4	1	0
YP_041037.1	2	1	0
YP_041039.1	2	0	0
YP_041045.1	2	0	0
YP_041084.1	2	0	0
YP_041130.1	2	1	0
YP_041135.1	2	0	0
YP_041137.1	1	0	0
YP_041149.1	3	1	0
YP_041154.1	2	0	0
YP_041164.1	4	0	1
YP_041176.1	4	0	0
YP_041196.1	4	0	1
YP_041206.1	1	0	0
YP_041221.1	3	0	0
YP_041222.1	3	0	0
YP_041229.1	2	1	0
YP_041250.1	2	0	0
YP_041254.1	4	0	0
YP_041358.1	4	0	0
YP_041472.1	4	1	0
YP_041479.1	2	0	0
YP_041570.1	3	0	0
YP_041572.1	3	1	0
YP_041573.1	2	0	1
YP_041575.1	1	0	0
YP_041586.1	2	0	0
YP_041600.1	2	0	1
YP_041656.1	4	0	0
YP_041674.1	4	0	0
YP_041676.1	4	0	0
YP_041686.1	1	0	0
YP_041723.1	4	0	0
YP_041856.1	4	0	0
YP_041858.1	2	0	0
YP_041927.1	4	0	0
YP_041979.1	4	0	0
YP_042026.1	4	0	0
YP_042055.1	4	0	0
YP_042108.1	2	0	0
YP_039808.1	2	0	0
YP_039928.1	2	0	0
YP_039981.1	1	1	0
YP_039990.1	2	0	0
YP_040102.1	2	0	0
YP_040115.1	2	0	0
YP_040213.1	1	0	0
YP_040257.1	2	0	0
YP_040288.1	2	0	0
YP_040387.1	1	0	0
YP_040696.1	2	0	0
YP_040750.1	1	0	0
YP_040791.1	2	0	0
YP_040887.1	4	0	0
YP_041008.1	1	0	0
YP_041026.1	1	0	0
YP_041161.1	1	0	0
YP_041178.1	2	0	0
YP_041257.1	1	0	0
YP_041532.1	1	0	0
YP_041547.1	1	0	0
YP_041587.1	1	0	0
YP_041669.1	2	0	0
YP_041744.1	1	0	0
YP_041951.1	4	0	0
YP_042014.1	2	0	0
YP_039912.1	4	0	0
YP_039862.1	1	0	0
YP_040233.1	4	0	0
YP_040298.1	1	0	0
YP_040837.1	1	0	0
YP_040880.1	1	0	0
YP_041167.1	4	0	0
YP_041311.1	1	0	0
YP_041992.1	1	0	0
YP_039479.1	1	0	0
YP_039952.1	4	0	0
YP_040033.1	1	0	0
YP_040646.1	1	0	0
YP_040838.1	1	0	0
YP_041585.1	4	0	0
YP_041672.1	1	0	0
YP_039949.1	1	0	0
YP_039973.1	1	0	0
YP_040287.1	1	0	0
YP_040781.1	4	0	0
YP_041053.1	4	0	0
YP_041300.1	1	0	0
YP_040393.1	3	0	0
YP_040023.1	2	0	0
YP_040318.1	2	0	0
YP_041009.1	2	0	0
YP_039860.1	1	0	0
YP_040008.1	1	0	0
YP_040120.1	1	0	0
YP_040245.1	1	0	0
YP_040651.1	2	0	0
YP_040653.1	2	0	0
YP_040792.1	2	0	0
YP_041003.1	3	0	0
YP_041235.1	1	0	0
YP_041320.1	1	0	0
YP_041340.1	3	0	0
YP_041366.1	2	0	0
YP_041394.1	1	0	0
YP_039509.1	1	0	0
YP_040004.1	1	0	0
YP_040338.1	1	0	0
YP_040642.1	1	0	0
YP_040986.1	1	0	0
YP_041385.1	1	0	0
YP_041480.1	4	0	0
YP_041516.1	1	0	0
YP_041617.1	1	0	0
YP_040296.1	1	0	0
YP_040041.1	1	0	0
YP_040313.1	1	0	0
YP_040435.1	1	0	0
YP_040588.1	1	0	0
YP_040592.1	1	0	0
YP_040937.1	1	0	0
YP_041010.1	1	0	0
YP_041095.1	4	0	0
YP_041402.1	1	0	0
YP_041173.1	3	0	0
YP_040579.1	2	0	0
YP_040806.1	1	1	0
YP_041174.1	1	0	0
YP_041200.1	1	0	0
YP_041605.1	1	0	0
YP_041812.1	2	0	0
YP_041336.1	4	0	0
YP_040613.1	1	0	0
YP_040853.1	3	0	0
YP_039854.1	1	0	0
YP_040272.1	3	0	0
YP_040355.1	1	0	0
YP_040979.1	1	0	0
YP_041201.1	1	0	0
YP_041515.1	1	0	0
YP_041917.1	1	0	0
YP_042003.1	1	0	0
YP_042019.1	1	0	0
YP_042063.1	3	0	0
YP_040768.1	1	0	0
YP_040585.1	1	0	0
YP_041223.1	1	0	0
YP_041607.1	1	0	0
YP_039600.1	1	0	0
YP_039606.1	1	0	0
YP_039698.1	1	0	0
YP_040316.1	3	0	0
YP_040563.1	1	0	0
YP_040617.1	1	0	0
YP_040825.1	1	0	0
YP_040833.1	1	0	0
YP_040888.1	1	0	0
YP_041144.1	1	0	0
YP_041182.1	1	0	0
YP_041204.1	1	0	0
YP_041228.1	1	0	0
YP_041387.1	1	0	0
YP_041735.1	1	0	0
YP_040589.1	1	0	0
YP_039709.1	1	0	0
YP_040299.1	3	0	0
YP_040302.1	3	0	0
YP_041944.1	3	0	0
YP_040248.1	2	0	0
YP_040415.1	2	0	0
YP_039659.1	2	0	0
YP_040740.1	3	0	0
YP_040412.1	3	0	0
